 6.200e+02 1.531e+03 1.655e+03 1.464e+03 1.231e+03 9.920e+02 8.340e+02
 8.400e+02 8.150e+02 7.430e+02 6.680e+02 6.800e+02 6.410e+02 6.010e+02
 5.830e+02 5.660e+02 5.320e+02 5.660e+02 5.220e+02 5.020e+02 5.070e+02
 4.920e+02 4.520e+02 4.420e+02 4.540e+02 4.220e+02 4.490e+02 3.920e+02
 4.380e+02 4.070e+02 4.520e+02 4.070e+02 4.430e+02 3.860e+02 3.690e+02
 3.860e+02 4.220e+02 4.120e+02 3.960e+02 3.510e+02 4.090e+02 3.570e+02
 3.890e+02 3.560e+02 3.620e+02 3.270e+02 4.050e+02 3.960e+02 3.600e+02
 4.150e+02 4.200e+02 4.370e+02 4.400e+02 4.220e+02 4.680e+02 4.400e+02
 4.730e+02 4.350e+02 4.510e+02 4.570e+02 4.950e+02 4.500e+02 4.180e+02
 4.010e+02 3.520e+02 3.300e+02 3.170e+02 2.890e+02 2.430e+02 2.310e+02
 1.890e+02 1.850e+02 1.690e+02 1.450e+02 1.130e+02 9.000e+01 9.400e+01
 7.000e+01 5.900e+01 4.600e+01 3.600e+01 3.800e+01 4.000e+01 2.800e+01
 2.200e+01 2.500e+01 1.200e+01 1.200e+01 8.000e+00 8.000e+00 7.000e+00
 1.000e+01 4.000e+00 5.000e+00 2.000e+00 4.000e+00 1.000e+00 2.000e+00
 0.000e+00 0.000e+00

     0.   600.  1200.  1800.  2400.  3000.  3600.  4200.  4800.  5400.
  6000.  6600.  7200.  7800.  8400.  9000.  9600. 10200. 10800. 11400.
 12000. 12600. 13200. 13800. 14400. 15000. 15600. 16200. 16800. 17400.
 18000. 18600. 19200. 19800. 20400. 21000. 21600. 22200. 22800. 23400.
 24000. 24600. 25200. 25800. 26400. 27000. 27600. 28200. 28800. 29400.
 30000. 30600. 31200. 31800. 32400. 33000. 33600. 34200. 34800. 35400.
 36000. 36600. 37200. 37800. 38400. 39000. 39600. 40200. 40800. 41400.
 42000. 42600. 43200. 43800. 44400. 45000. 45600. 46200. 46800. 47400.
 48000. 48600. 49200. 49800. 50400. 51000. 51600. 52200. 52800. 53400.
 54000. 54600. 55200. 55800. 56400. 57000. 57600. 58200. 58800. 59400.
 60000.

